       0.109918            5.05285
           0.21            24.6197
           0.31               9.84
           0.42            11.5636
           0.52               15.6
           0.63               16.8
       0.730748            21.2014
           0.84            22.1872
       0.940568            26.9669
           1.05            27.4143
        1.15095            32.5713
           1.26            32.7917
           1.36              38.64
           1.47            37.7455
           1.57               44.4
           1.68            42.9818
           1.78              50.16
           1.89            48.2182
           1.99              55.92
            2.1            53.4545
            2.2              61.68
           2.31            58.6909
           2.41              73.36
           2.52            350.255
           2.62              131.6
           2.73            100.945
           2.83                146
           2.94            111.418
           3.04              160.4
           3.15            121.891
           3.25              174.8
           3.36            132.364
           3.46              189.2
           3.57            142.836
           3.67              203.6
           3.78            153.309
           3.88                218
           3.99            163.782
        4.09012            8592.73
        4.19072            2188.56
        4.29748            1417.74
        4.39782            816.264
        4.49872             359.55
        4.60405            245.026
        4.70619            420.139
          4.809            188.918
        4.91379                  0
        5.01773                  0


