       0.101004           0.237839
           0.21            1.76152
           0.31               2.64
           0.42                4.8
           0.52               5.04
           0.63            7.85455
       0.730948            7.37014
           0.84            11.0039
       0.940888             9.7534
           1.05            14.0773
        1.15051            12.1781
           1.26            17.0971
           1.36              14.64
           1.47            20.0727
           1.57              17.04
           1.68            23.1273
           1.78              19.44
        1.88422            20.1884
        1.98472            49.3516
        2.08485            67.1971
        2.18503            88.9544
           2.31            63.5039
           2.41              53.28
           2.52            71.7091
           2.62              84.24
           2.73            75.2727
           2.83              101.2
           2.94            77.5273
           3.04                112
           3.15            85.3818
           3.25              122.8
           3.36            93.2364
           3.46              133.6
           3.57            101.091
           3.67              144.4
           3.78            108.945
           3.88              155.2
           3.99              116.8
        4.09256            189.468
        4.19455             114.37
        6.00138            9.42199


